2018-08-18 10:16:59.970245: I tensorflow/core/platform/cpu_feature_guard.cc:141] Your CPU supports instructions that this TensorFlow binary was not compiled to use: AVX2 FMA
2018-08-18 10:17:00.155490: I tensorflow/core/common_runtime/gpu/gpu_device.cc:1405] Found device 0 with properties: 
name: TITAN Xp major: 6 minor: 1 memoryClockRate(GHz): 1.582
pciBusID: 0000:05:00.0
totalMemory: 11.91GiB freeMemory: 11.74GiB
2018-08-18 10:17:00.155522: I tensorflow/core/common_runtime/gpu/gpu_device.cc:1484] Adding visible gpu devices: 0
2018-08-18 10:17:00.362197: I tensorflow/core/common_runtime/gpu/gpu_device.cc:965] Device interconnect StreamExecutor with strength 1 edge matrix:
2018-08-18 10:17:00.362234: I tensorflow/core/common_runtime/gpu/gpu_device.cc:971]      0 
2018-08-18 10:17:00.362240: I tensorflow/core/common_runtime/gpu/gpu_device.cc:984] 0:   N 
2018-08-18 10:17:00.362480: I tensorflow/core/common_runtime/gpu/gpu_device.cc:1097] Created TensorFlow device (/job:localhost/replica:0/task:0/device:GPU:0 with 11361 MB memory) -> physical GPU (device: 0, name: TITAN Xp, pci bus id: 0000:05:00.0, compute capability: 6.1)
25
15.0
0.6
50
30.0
0.6
75
44.0
0.5866666666666667
100
61.0
0.61
125
76.0
0.608
150
87.0
0.58
175
103.0
0.5885714285714285
200
112.0
0.56
225
123.0
0.5466666666666666
250
135.0
0.54
275
148.0
0.5381818181818182
300
162.0
0.54
325
173.0
0.5323076923076923
350
188.0
0.5371428571428571
375
201.0
0.536
400
216.0
0.54
425
230.0
0.5411764705882353
450
244.0
0.5422222222222223
475
253.0
0.5326315789473685
500
272.0
0.544
525
289.0
0.5504761904761905
550
306.0
0.5563636363636364
575
316.0
0.5495652173913044
600
334.0
0.5566666666666666
625
352.0
0.5632
650
362.0
0.556923076923077
675
373.0
0.5525925925925926
700
386.0
0.5514285714285714
725
401.0
0.5531034482758621
750
417.0
0.556
775
433.0
0.5587096774193548
800
445.0
0.55625
825
460.0
0.5575757575757576
850
476.0
0.56
875
493.0
0.5634285714285714
900
508.0
0.5644444444444444
925
517.0
0.5589189189189189
950
533.0
0.5610526315789474
975
548.0
0.5620512820512821
1000
564.0
0.564
1025
582.0
0.5678048780487804
1050
596.0
0.5676190476190476
1075
610.0
0.5674418604651162
1100
630.0
0.5727272727272728
1125
648.0
0.576
1150
662.0
0.5756521739130435
1175
675.0
0.574468085106383
1200
692.0
0.5766666666666667
1225
706.0
0.5763265306122449
1250
718.0
0.5744
1275
728.0
0.5709803921568627
1300
735.0
0.5653846153846154
1325
750.0
0.5660377358490566
1350
762.0
0.5644444444444444
1375
779.0
0.5665454545454546
1400
791.0
0.565
1425
807.0
0.5663157894736842
1450
822.0
0.5668965517241379
1475
834.0
0.5654237288135593
1500
850.0
0.5666666666666667
1525
866.0
0.5678688524590164
1550
881.0
0.5683870967741935
1575
897.0
0.5695238095238095
1600
909.0
0.568125
1625
924.0
0.5686153846153846
1650
941.0
0.5703030303030303
1675
959.0
0.5725373134328359
1700
976.0
0.5741176470588235
1725
986.0
0.5715942028985507
1750
997.0
0.5697142857142857
1775
1010.0
0.5690140845070423
1800
1025.0
0.5694444444444444
1825
1037.0
0.5682191780821918
1850
1053.0
0.5691891891891891
1875
1068.0
0.5696
1900
1084.0
0.5705263157894737
1925
1097.0
0.5698701298701299
1950
1108.0
0.5682051282051283
1975
1125.0
0.569620253164557
2000
1140.0
0.57
2025
1158.0
0.5718518518518518
2050
1172.0
0.5717073170731707
2075
1187.0
0.5720481927710843
2100
1202.0
0.5723809523809524
2125
1218.0
0.5731764705882353
2150
1231.0
0.5725581395348838
2175
1244.0
0.5719540229885057
2200
1258.0
0.5718181818181818
2225
1274.0
0.5725842696629213
2250
1288.0
0.5724444444444444
2275
1300.0
0.5714285714285714
2300
1310.0
0.5695652173913044
2325
1322.0
0.5686021505376344
2350
1336.0
0.5685106382978723
2375
1350.0
0.5684210526315789
2400
1365.0
0.56875
2425
1378.0
0.5682474226804124
2450
1393.0
0.5685714285714286
2475
1409.0
0.5692929292929293
2500
1423.0
0.5692
2525
1435.0
0.5683168316831683
2550
1445.0
0.5666666666666667
2575
1458.0
0.5662135922330097
2600
1474.0
0.566923076923077
2625
1487.0
0.5664761904761905
2650
1501.0
0.5664150943396227
2675
1516.0
0.5667289719626168
2700
1528.0
0.5659259259259259
2725
1540.0
0.5651376146788991
2750
1551.0
0.564
2775
1561.0
0.5625225225225226
2800
1573.0
0.5617857142857143
2825
1585.0
0.5610619469026549
2850
1599.0
0.5610526315789474
2875
1614.0
0.5613913043478261
2900
1625.0
0.5603448275862069
2925
1644.0
0.5620512820512821
2950
1660.0
0.5627118644067797
2975
1675.0
0.5630252100840336
3000
1685.0
0.5616666666666666
3025
1701.0
0.5623140495867769
3050
1716.0
0.5626229508196722
3075
1730.0
0.5626016260162602
3100
1746.0
0.5632258064516129
3125
1759.0
0.56288
3150
1774.0
0.5631746031746032
3175
1786.0
0.5625196850393701
3200
1803.0
0.5634375
3225
1813.0
0.5621705426356589
3250
1825.0
0.5615384615384615
3275
1841.0
0.5621374045801527
3300
1856.0
0.5624242424242424
3325
1863.0
0.5603007518796993
3350
1878.0
0.5605970149253732
3375
1889.0
0.5597037037037037
3400
1904.0
0.56
3425
1916.0
0.5594160583941605
3450
1929.0
0.5591304347826087
3475
1946.0
0.56
3500
1961.0
0.5602857142857143
3525
1974.0
0.56
3550
1991.0
0.5608450704225352
3575
2007.0
0.5613986013986014
3600
2023.0
0.5619444444444445
3625
2035.0
0.5613793103448276
3650
2051.0
0.561917808219178
3675
2068.0
0.5627210884353742
3700
2083.0
0.562972972972973
3725
2098.0
0.5632214765100672
3750
2114.0
0.5637333333333333
3775
2128.0
0.5637086092715232
3800
2142.0
0.5636842105263158
3825
2155.0
0.5633986928104575
3850
2170.0
0.5636363636363636
3875
2186.0
0.5641290322580645
3900
2199.0
0.5638461538461539
3925
2213.0
0.5638216560509555
3950
2230.0
0.5645569620253165
3975
2247.0
0.5652830188679245
4000
2263.0
0.56575
4025
2276.0
0.5654658385093168
4050
2289.0
0.5651851851851852
4075
2301.0
0.5646625766871166
4100
2312.0
0.5639024390243902
4125
2329.0
0.5646060606060606
4150
2343.0
0.564578313253012
4175
2360.0
0.5652694610778443
4200
2379.0
0.5664285714285714
4225
2391.0
0.5659171597633136
4250
2408.0
0.5665882352941176
4275
2423.0
0.5667836257309942
4300
2433.0
0.565813953488372
4325
2449.0
0.566242774566474
4350
2469.0
0.5675862068965517
4375
2484.0
0.5677714285714286
4400
2502.0
0.5686363636363636
4425
2517.0
0.5688135593220339
4450
2531.0
0.5687640449438203
4475
2545.0
0.5687150837988827
4500
2555.0
0.5677777777777778
4525
2573.0
0.5686187845303867
4550
2583.0
0.5676923076923077
4575
2595.0
0.5672131147540984
4600
2610.0
0.5673913043478261
4625
2621.0
0.5667027027027027
4650
2638.0
0.5673118279569892
4675
2659.0
0.5687700534759358
4700
2671.0
0.5682978723404255
4725
2688.0
0.5688888888888889
4750
2702.0
0.5688421052631579
4775
2716.0
0.5687958115183246
4800
2730.0
0.56875
4825
2743.0
0.5684974093264249
4850
2762.0
0.5694845360824742
4875
2778.0
0.5698461538461539
4900
2795.0
0.5704081632653061
4925
2812.0
0.5709644670050762
4950
2822.0
0.5701010101010101
4975
2837.0
0.570251256281407
5000
2849.0
0.5698
5025
2862.0
0.5695522388059702
5050
2876.0
0.5695049504950495
5075
2887.0
0.5688669950738916
5100
2904.0
0.5694117647058824
5125
2916.0
0.5689756097560975
5150
2933.0
0.5695145631067962
5175
2951.0
0.5702415458937198
5200
2961.0
0.5694230769230769
5225
2976.0
0.5695693779904306
5250
2989.0
0.5693333333333334
5275
3003.0
0.5692890995260663
5300
3021.0
0.57
5325
3036.0
0.5701408450704225
5350
3050.0
0.5700934579439252
5375
3064.0
0.570046511627907
5400
3075.0
0.5694444444444444
5425
3087.0
0.5690322580645162
5450
3101.0
0.5689908256880734
5475
3115.0
0.5689497716894977
5500
3130.0
0.5690909090909091
5525
3142.0
0.5686877828054299
5550
3157.0
0.5688288288288288
5575
3172.0
0.5689686098654708
5600
3187.0
0.5691071428571428
5625
3204.0
0.5696
5650
3213.0
0.5686725663716814
5675
3226.0
0.5684581497797356
5700
3242.0
0.5687719298245614
5725
3258.0
0.5690829694323144
5750
3277.0
0.5699130434782609
5775
3296.0
0.5707359307359308
5800
3314.0
0.5713793103448276
5825
3327.0
0.5711587982832618
5850
3338.0
0.5705982905982906
5875
3349.0
0.5700425531914893
5900
3362.0
0.5698305084745763
5925
3373.0
0.569282700421941
5950
3389.0
0.5695798319327731
5975
3404.0
0.5697071129707113
6000
3422.0
0.5703333333333334
6025
3433.0
0.5697925311203319
6050
3448.0
0.5699173553719008
6075
3462.0
0.5698765432098766
6100
3478.0
0.5701639344262295
6125
3494.0
0.5704489795918367
6150
3506.0
0.5700813008130081
6175
3519.0
0.5698785425101215
6200
3537.0
0.5704838709677419
6225
3551.0
0.5704417670682731
6250
3559.0
0.56944
6275
3574.0
0.5695617529880478
6300
3593.0
0.5703174603174603
6325
3609.0
0.570592885375494
6350
3623.0
0.5705511811023622
6375
3637.0
0.5705098039215686
6400
3645.0
0.56953125
6425
3658.0
0.5693385214007782
6450
3667.0
0.5685271317829458
6475
3686.0
0.5692664092664093
6500
3703.0
0.5696923076923077
6525
3719.0
0.5699616858237548
6550
3733.0
0.5699236641221374
6575
3747.0
0.5698859315589354
6600
3763.0
0.5701515151515152
6625
3779.0
0.5704150943396227
6650
3792.0
0.5702255639097744
6675
3807.0
0.5703370786516854
6700
3819.0
0.57
6725
3835.0
0.5702602230483271
6750
3851.0
0.5705185185185185
6775
3863.0
0.5701845018450185
6800
3875.0
0.5698529411764706
6825
3892.0
0.5702564102564103
6850
3902.0
0.5696350364963504
6875
3910.0
0.5687272727272727
6900
3922.0
0.5684057971014492
6925
3934.0
0.568086642599278
6950
3947.0
0.5679136690647482
6975
3955.0
0.5670250896057347
7000
3966.0
0.5665714285714286
7025
3977.0
0.5661209964412811
7050
3989.0
0.5658156028368795
7075
4004.0
0.5659363957597173
7100
4016.0
0.5656338028169015
7125Using TensorFlow backend.

4031.0
0.5657543859649122
7150
4045.0
0.5657342657342658
7175
4062.0
0.5661324041811847
7200
4079.0
0.5665277777777777
7225
4094.0
0.566643598615917
7250
4108.0
0.5666206896551724
7275
4125.0
0.5670103092783505
7300
4143.0
0.5675342465753425
7325
4158.0
0.5676450511945392
7350
4176.0
0.5681632653061225
7375
4197.0
0.5690847457627118
7400
4210.0
0.5689189189189189
7425
4223.0
0.5687542087542088
7450
4237.0
0.5687248322147651
7475
4253.0
0.5689632107023411
7500
4272.0
0.5696
7525
4286.0
0.5695681063122924
7550
4301.0
0.5696688741721855
7575
4311.0
0.5691089108910891
7600
4324.0
0.5689473684210526
7625
4339.0
0.5690491803278689
7650
4354.0
0.5691503267973856
7675
4370.0
0.5693811074918567
7700
4386.0
0.5696103896103896
7725
4403.0
0.5699676375404531
7750
4419.0
0.5701935483870968
7775
4437.0
0.5706752411575563
7800
4450.0
0.5705128205128205
7825
4463.0
0.5703514376996806
7850
4473.0
0.5698089171974522
7875
4490.0
0.5701587301587302
7900
4505.0
0.5702531645569621
7925
4513.0
0.5694637223974763
7950
4525.0
0.5691823899371069
7975
4540.0
0.5692789968652038
8000
4558.0
0.56975
8025
4570.0
0.5694704049844237
8050
4585.0
0.5695652173913044
8075
4602.0
0.5699071207430341
8100
4617.0
0.57
8125
4627.0
0.5694769230769231
8150
4639.0
0.5692024539877301
8175
4650.0
0.5688073394495413
8200
4660.0
0.5682926829268292
8225
4674.0
0.5682674772036475
8250
4688.0
0.5682424242424242
8275
4699.0
0.5678549848942598
8300
4710.0
0.5674698795180723
8325
4720.0
0.5669669669669669
8350
4734.0
0.5669461077844311
8375
4749.0
0.567044776119403
8400
4763.0
0.5670238095238095
8425
4776.0
0.5668842729970326
8450
4789.0
0.5667455621301775
8475
4802.0
0.5666076696165192
8500
4814.0
0.5663529411764706
8525
4829.0
0.5664516129032258
8550
4843.0
0.5664327485380117
8575
4853.0
0.5659475218658893
8600
4866.0
0.565813953488372
8625
4884.0
0.5662608695652174
8650
4896.0
0.5660115606936417
8675
4909.0
0.5658789625360231
8700
4922.0
0.5657471264367816
8725
4939.0
0.5660744985673353
8750
4950.0
0.5657142857142857
8775
4963.0
0.5655840455840456
8800
4978.0
0.5656818181818182
8825
4990.0
0.5654390934844192
8850
5003.0
0.5653107344632768
8875
5018.0
0.5654084507042254
8900
5031.0
0.5652808988764045
8925
5047.0
0.5654901960784313
8950
5064.0
0.5658100558659218
8975
5074.0
0.5653481894150418
9000
5089.0
0.5654444444444444
9025
5103.0
0.5654293628808864
9050
5114.0
0.5650828729281768
9075
5129.0
0.5651790633608815
9100
5146.0
0.5654945054945055
9125
5161.0
0.5655890410958904
9150
5177.0
0.565792349726776
9175
5192.0
0.5658855585831063
9200
5211.0
0.5664130434782608
9225
5226.0
0.5665040650406504
9250
5245.0
0.567027027027027
9275
5259.0
0.5670080862533693
9300
5274.0
0.5670967741935484
9325
5285.0
0.5667560321715818
9350
5299.0
0.5667379679144385
9375
5315.0
0.5669333333333333
9400
5324.0
0.5663829787234043
9425
5335.0
0.5660477453580902
9450
5346.0
0.5657142857142857
9475
5362.0
0.565910290237467
9500
5380.0
0.5663157894736842
9525
5391.0
0.5659842519685039
9550
5403.0
0.565759162303665
9575
5421.0
0.5661618798955613
9600
5441.0
0.5667708333333333
9625
5455.0
0.5667532467532468
9650
5471.0
0.5669430051813471
9675
5487.0
0.5671317829457364
9700
5499.0
0.5669072164948453
9725
5514.0
0.5669922879177378
9750
5525.0
0.5666666666666667
9775
5538.0
0.5665473145780051
9800
5548.0
0.5661224489795919
9825
5563.0
0.5662086513994911
9850
5578.0
0.5662944162436548
9875
5587.0
0.5657721518987342
9900
5602.0
0.5658585858585858
9925
5617.0
0.5659445843828715
9950
5630.0
0.5658291457286432
9975
5642.0
0.5656140350877193
10000
5652.0
0.5652
